A[32]                            B[32]                            Sa[5] Op[4] C[32]                            V
2012328075    3229339338    12 0000 1081180298 x
985460844    2564090502    15 0000 412409860 x
407518864    694336713    13 0000 138558592 x
480724620    1018714099    26 0000 480265856 x
117697532    2611839410    9 0000 50430384 x
700224714    626255701    23 0000 554730560 x
611268365    569018813    14 0000 543817997 x
134891765    3707842632    6 0000 134217792 x
2849755085    2495761002    10 0000 2160216648 x
488125829    2163227733    31 0000 1061893 x
1456837586    3005374107    11 0000 301994642 x
1814065162    3840966272    31 0000 1679847424 x
403352990    505479274    22 0000 402653194 x
4251169511    833580104    26 0000 824385600 x
1811631908    4076954526    0 0000 1661027076 x
4244772442    81909091    29 0000 67114050 x
1553979145    4157557929    23 0000 1418675209 x
4101538799    1800966683    19 0000 1616413195 x
121960436    2813746539    2 0000 117724512 x
2435482672    649635447    6 0000 2655280 x
2700350811    109717555    7 0000 8388627 x
1099192804    966096576    29 0000 25448640 x
2940605737    79013618    9 0000 67372064 x
2711715450    3021918214    3 0000 2684375042 x
3553948390    2213580680    18 0000 2211480192 x
2701605563    3570137864    11 0000 2147695112 x
357911014    795061076    20 0000 88148292 x
3315455573    3989425108    14 0000 3314139732 x
3595568409    2818817907    10 0000 2147484945 x
731102019    4281913295    25 0000 722504515 x
449048517    797247950    4 0000 176228804 x
3082001564    170005396    14 0000 35786900 x
666136993    748950481    29 0000 614732161 x
2103698942    50781385    8 0000 16958664 x
2843070876    2312141583    23 0000 2303742220 x
2595101246    2272808477    17 0000 2183662108 x
114118604    197043185    26 0000 42730432 x
95274043    1387185470    2 0000 11322426 x
3615218919    1311439336    20 0000 1177213152 x
327640711    1283864685    16 0000 8790021 x
3165258063    2285895632    11 0000 2284454208 x
3199634835    2668232589    9 0000 2650836353 x
3591576849    3131253645    19 0000 2449670401 x
3221553036    4176609556    5 0000 3221225732 x
1889647176    1297459622    31 0000 1073850368 x
3556741542    3487600765    14 0000 3286274084 x
3897572459    2085325305    23 0000 1749026921 x
3394285129    3057121573    5 0000 2182129665 x
1605583650    3358447562    4 0000 1210139394 x
4230384585    1959807404    4 0000 1946159496 x
1680536492    2709539490    25 0001 3853188014 x
804956815    1117022865    23 0001 1878977183 x
1353850651    3859217058    1 0001 4139188155 x
3782387422    3979899814    7 0001 3984259070 x
874993226    1676196430    13 0001 2012216910 x
3565656309    2483453950    2 0001 3565682687 x
4054432162    1480963625    14 0001 4193107883 x
2954428632    1683981514    8 0001 4099900634 x
3618047569    113804755    9 0001 3622799315 x
28720554    3988427531    12 0001 3988701099 x
1394133914    497793730    24 0001 1606155226 x
3583860517    388200661    3 0001 3619651573 x
2811339791    2777014423    15 0001 2811618463 x
2654086468    4223688840    28 0001 4294075852 x
3660528965    2432940769    26 0001 3677339621 x
2755223741    3354161768    5 0001 3892146941 x
2397881469    884084356    12 0001 3204370173 x
3461873150    3271384668    17 0001 3472883710 x
3739460363    1046419695    26 0001 4278172655 x
3239031937    1722825850    13 0001 3888102651 x
4044558833    953780258    5 0001 4191918579 x
29502342    2606829386    16 0001 2615357390 x
178469121    3289060498    7 0001 3467328915 x
561621120    2604924754    27 0001 3145465810 x
3405598272    1815205268    2 0001 4009615316 x
34983833    1161758255    27 0001 1195364287 x
2875578861    1481398010    17 0001 4218281983 x
3219176205    814956560    7 0001 3220437789 x
2581525356    383098376    23 0001 2682257260 x
94334941    554518032    1 0001 631205853 x
1435560220    509390718    8 0001 1608314750 x
1082659617    1075362258    7 0001 1083751411 x
3022815633    2672305645    20 0001 3211568637 x
140039012    1175149727    16 0001 1314643967 x
3054418600    2009618315    10 0001 4157538219 x
1129906075    2059941922    8 0001 2077818811 x
2351463074    1085749018    9 0001 3435102138 x
3597840717    755950189    28 0001 4286509933 x
735064925    2789482088    1 0001 2949922685 x
755301360    2742984551    22 0001 2944335863 x
1470728595    3358332467    28 0001 3752697779 x
2647458434    4125218720    2 0001 4260222882 x
4202924612    518424944    5 0001 4276587380 x
1469852672    2194179965    26 0001 3621564285 x
2962601649    325392876    13 0001 3019227133 x
2383503822    3376778048    19 0001 3478514638 x
3408958298    2247789181    28 0001 3489307519 x
2252389126    1514256771    8 0001 3728849799 x
3805614262    3832066334    9 0001 3875385790 x
3029794968    3517472708    24 0001 4122959836 x
3029794968    3951034824    14 001x 00000000011100100000000000000000 x
3029794968    663362132    1 001x 01001111000101000011010010101000 x
3029794968    4200226064    30 001x 00000000000000000000000000000000 x
3029794968    2694187408    21 001x 00110010000000000000000000000000 x
3029794968    3389596862    25 001x 01111100000000000000000000000000 x
3029794968    3735337069    11 001x 00100101110000110110100000000000 x
3029794968    1041763959    7 001x 00001100000001110011101110000000 x
3029794968    3262481698    2 001x 00001001110101100001010010001000 x
3029794968    828894981    22 001x 11000001010000000000000000000000 x
3029794968    3826976427    8 001x 00011011000001101010101100000000 x
3029794968    488908610    7 001x 10010010000100111010000100000000 x
3029794968    2074637226    13 001x 00001110011101010100000000000000 x
3029794968    835892085    31 001x 10000000000000000000000000000000 x
3029794968    1790793672    17 001x 10101111100100000000000000000000 x
3029794968    2548032937    2 001x 01011111011111111001011010100100 x
3029794968    3313819903    16 001x 11100000111111110000000000000000 x
3029794968    4047708754    1 001x 11100010100001100100010010100100 x
3029794968    872620115    4 001x 01000000001100100000010100110000 x
3029794968    1667329743    2 001x 10001101100001011011101100111100 x
3029794968    2663076587    16 001x 01010010111010110000000000000000 x
3029794968    2860481366    15 001x 10111101101010110000000000000000 x
3029794968    2351383938    12 001x 01110100010110000010000000000000 x
3029794968    1472471806    26 001x 11111000000000000000000000000000 x
3029794968    4147412147    20 001x 11001011001100000000000000000000 x
3029794968    2949725795    12 001x 00010011111001100011000000000000 x
3029794968    2858660676    16 001x 10110011010001000000000000000000 x
3029794968    2753116436    28 001x 01000000000000000000000000000000 x
3029794968    523379412    4 001x 11110011001000100010110101000000 x
3029794968    3906061189    19 001x 00011100001010000000000000000000 x
3029794968    2587002280    30 001x 00000000000000000000000000000000 x
3029794968    3055765416    30 001x 00000000000000000000000000000000 x
3029794968    1776823721    3 001x 01001111010000010110110101001000 x
3029794968    889812112    14 001x 01011101001001000000000000000000 x
3029794968    2424496474    12 001x 00101110000101011010000000000000 x
3029794968    1751596513    13 001x 11100111101111000010000000000000 x
3029794968    935384067    12 001x 00001101010000000011000000000000 x
3029794968    1849550847    22 001x 11111111110000000000000000000000 x
3029794968    3469990093    8 001x 11010011110110001100110100000000 x
3029794968    409114639    18 001x 01100000001111000000000000000000 x
3029794968    839047978    5 001x 01000000010110110110010101000000 x
3029794968    3200828349    31 001x 10000000000000000000000000000000 x
3029794968    1840599319    16 001x 01010001000101110000000000000000 x
3029794968    1346838503    27 001x 00111000000000000000000000000000 x
3029794968    3835018946    26 001x 00001000000000000000000000000000 x
3029794968    3038038999    9 001x 00101001100101111010111000000000 x
3029794968    774899128    25 001x 01110000000000000000000000000000 x
3029794968    3190072585    14 001x 00101001010000100100000000000000 x
3029794968    1295619179    1 001x 10011010011100110010100011010110 x
3029794968    4088496570    30 001x 10000000000000000000000000000000 x
3029794968    1220458748    26 001x 11110000000000000000000000000000 x
10059572    3368444004    26 0100 3361677136 x
3346667330    1845222370    26 0100 2860633248 x
1318649000    684570784    26 0100 1716864008 x
3015239080    1991386540    26 0100 3305816068 x
1783650909    205636976    26 0100 1712430893 x
4213516962    864879087    26 0100 3366464333 x
2580695638    249502566    26 0100 2534232368 x
1532627716    2025080644    26 0100 602819648 x
402419196    3232276273    26 0100 3612668621 x
1025869823    328446418    26 0100 783693357 x
2742460240    306933951    26 0100 2973626351 x
622738961    2042620005    26 0100 1554110068 x
375712080    3055458816    26 0100 2692379472 x
3925564574    1772691651    26 0100 2152889437 x
544034953    1803839321    26 0100 1273575376 x
2644580985    880181287    26 0100 2849479262 x
1900446698    1745003422    26 0100 423895156 x
2089475485    1394864925    26 0100 799616640 x
1387048004    2418110543    26 0100 3264076811 x
366185111    1053702829    26 0100 723365946 x
2929527745    2826527322    26 0100 115632539 x
4154411163    2910453207    26 0100 1525069132 x
2131356299    1564745376    26 0100 575534123 x
968665866    3509605103    26 0100 3901553125 x
123245159    3858456470    26 0100 3802385905 x
3064479692    1635088764    26 0100 3621602992 x
1610817930    143412361    26 0100 1754230019 x
4159721883    417569498    26 0100 4011051841 x
1065192484    2266194313    26 0100 3094277549 x
3338139584    1710889419    26 0100 2735599115 x
450098924    2574578117    26 0100 2208761641 x
1909625278    3146501048    26 0100 3394853382 x
3877320884    2445770820    26 0100 1994176752 x
1711491752    804495309    26 0100 1240520037 x
3163071260    3432489690    26 0100 1881080262 x
2366127925    4034743131    26 0100 2104849518 x
4126000173    3947851770    26 0100 513977303 x
368926126    80839969    26 0100 288151695 x
1668347088    480278806    26 0100 2144374214 x
1942333406    3915608149    26 0100 2594625419 x
891991594    766240993    26 0100 411131595 x
1311326955    80023794    26 0100 1257001497 x
1731011611    618814976    26 0100 1137670683 x
3758518930    2416704731    26 0100 1879936585 x
2820675553    540735693    26 0100 2283466540 x
3182283587    1075575779    26 0100 4256575648 x
3836901347    3510060741    26 0100 897921318 x
963815023    3154041971    26 0100 2190244380 x
4030635984    89828520    26 0100 4116984696 x
2901227324    1789470308    26 0100 3326349656 x
2494219656    3926636776    26 0101 -4272684521 x
3838306881    1317119751    26 0101 -4006080328 x
2464854098    2904089680    26 0101 -3220894803 x
13570488    956799852    26 0101 -969907197 x
3953904298    3098180552    26 0101 -4222352363 x
1019636556    735334705    26 0101 -1071020926 x
3875496720    872038462    26 0101 -4160709439 x
2318609875    3439791213    26 0101 -3476499968 x
1251505294    13625123    26 0101 -1256191920 x
428538933    896735918    26 0101 -1039924928 x
4160492810    1955982013    26 0101 -4160618432 x
2520091784    2248445684    26 0101 -2520092413 x
396476770    1225447512    26 0101 -1605097851 x
3925578757    1009670979    26 0101 -4261404488 x
839352412    2614685162    26 0101 -3152014847 x
2758293106    318312487    26 0101 -3069785720 x
3066522236    720037245    26 0101 -3203395454 x
266921668    2384873936    26 0101 -2414800853 x
3298991345    730988260    26 0101 -4021550838 x
1692045886    3489487221    26 0101 -4026522496 x
2523718524    1840103732    26 0101 -4293780349 x
2179984103    3694866141    26 0101 -3724537600 x
3879434065    1603470492    26 0101 -4290475998 x
1122463919    2203283176    26 0101 -3287777008 x
1557954083    2207598707    26 0101 -3755834996 x
3836892764    3507952746    26 0101 -4122435199 x
2316038729    2038878265    26 0101 -4220514938 x
138071949    1685250259    26 0101 -1819996128 x
2891288819    3010344408    26 0101 -3212817916 x
4100699136    2939254289    26 0101 -4286314002 x
2507050999    990180322    26 0101 -3211722744 x
2946319449    657937694    26 0101 -2948552032 x
3880137541    769381533    26 0101 -4024432606 x
1227374993    4133805152    26 0101 -4285324786 x
2833294322    2788993156    26 0101 -2935794679 x
3875920462    889365259    26 0101 -4144495440 x
3736951128    328652705    26 0101 -3753893882 x
3462377500    462550489    26 0101 -3755996638 x
1038309273    3111172221    26 0101 -3186884606 x
3086694390    3985538036    26 0101 -4294934519 x
4186323083    2909437092    26 0101 -4260265136 x
2858945667    1971023828    26 0101 -4286279640 x
2702799387    1635916787    26 0101 -3785063420 x
2211728412    3243050615    26 0101 -3286060672 x
2159572816    2376506827    26 0101 -2378104796 x
2358165432    4108678109    26 0101 -4243587070 x
973119772    2133642496    26 0101 -2133650717 x
384334253    2758312900    26 0101 -3068722158 x
3987027124    4015065447    26 0101 -4025826808 x
1318583714    15883064    26 0101 -1324875707 x
1318583714    646933250    8 0110 00000000001001101000111101101011 x
1318583714    2112437595    13 0110 00000000000000111110111101001001 x
1318583714    2211921552    5 0110 00000100000111101011100111110100 x
1318583714    1372871094    8 0110 00000000010100011101010001011001 x
1318583714    3011738803    13 0110 00000000000001011001110000011011 x
1318583714    1777105538    25 0110 00000000000000000000000000110100 x
1318583714    3019096985    29 0110 00000000000000000000000000000101 x
1318583714    1812144476    22 0110 00000000000000000000000110110000 x
1318583714    2790076552    16 0110 00000000000000001010011001001101 x
1318583714    3882531418    20 0110 00000000000000000000111001110110 x
1318583714    173586282    22 0110 00000000000000000000000000101001 x
1318583714    2157203946    13 0110 00000000000001000000010010100010 x
1318583714    155017271    24 0110 00000000000000000000000000001001 x
1318583714    1287969955    4 0110 00000100110011000100110111001010 x
1318583714    3698559632    16 0110 00000000000000001101110001110011 x
1318583714    1279307950    1 0110 00100110001000000101100001010111 x
1318583714    3331328160    7 0110 00000001100011010010000000010001 x
1318583714    2186612246    16 0110 00000000000000001000001001010101 x
1318583714    2588365284    26 0110 00000000000000000000000000100110 x
1318583714    3526663483    17 0110 00000000000000000110100100011010 x
1318583714    426768477    24 0110 00000000000000000000000000011001 x
1318583714    3254258535    16 0110 00000000000000001100000111111000 x
1318583714    2883521677    7 0110 00000001010101111011111000011001 x
1318583714    3900143382    8 0110 00000000111010000111011101110111 x
1318583714    1051851422    21 0110 00000000000000000000000111110101 x
1318583714    1249148232    9 0110 00000000001001010011101000111110 x
1318583714    1135092480    26 0110 00000000000000000000000000010000 x
1318583714    1605641348    1 0110 00101111110110100001001001000010 x
1318583714    2694909800    19 0110 00000000000000000001010000010100 x
1318583714    1259744692    27 0110 00000000000000000000000000001001 x
1318583714    3961851335    2 0110 00111011000010010100001101110001 x
1318583714    201875035    18 0110 00000000000000000000001100000010 x
1318583714    4100285016    18 0110 00000000000000000011110100011001 x
1318583714    1928111756    5 0110 00000011100101110110010100110100 x
1318583714    405048238    31 0110 00000000000000000000000000000000 x
1318583714    1290507538    10 0110 00000000000100110011101011100101 x
1318583714    146610095    6 0110 00000000001000101111010001011110 x
1318583714    1004313879    25 0110 00000000000000000000000000011101 x
1318583714    2334399419    26 0110 00000000000000000000000000100010 x
1318583714    3085470217    24 0110 00000000000000000000000010110111 x
1318583714    2571305956    27 0110 00000000000000000000000000010011 x
1318583714    1316516557    28 0110 00000000000000000000000000000100 x
1318583714    3583043866    21 0110 00000000000000000000011010101100 x
1318583714    3822872510    21 0110 00000000000000000000011100011110 x
1318583714    1818972807    20 0110 00000000000000000000011011000110 x
1318583714    2662088563    20 0110 00000000000000000000100111101010 x
1318583714    2299302634    2 0110 00100010010000110010010010111010 x
1318583714    2297722511    24 0110 00000000000000000000000010001000 x
1318583714    856569070    12 0110 00000000000000110011000011100011 x
1318583714    2882866813    5 0110 00000101010111101010100001110011 x
1318583714    2440513808    5 0111 11111100100010111011101001001000 x
1318583714    3844817188    17 0111 11111111111111111111001010010101 x
1318583714    1637567455    18 0111 00000000000000000001100001100110 x
1318583714    4131834831    3 0111 11111110110010001101100101111001 x
1318583714    479415934    7 0111 00000000001110010010011010011100 x
1318583714    2397178728    9 0111 11111111110001110111000100000101 x
1318583714    2098733962    0 0111 01111101000110000010001110001010 x
1318583714    1423448867    22 0111 00000000000000000000000101010011 x
1318583714    2138807174    30 0111 00000000000000000000000000000001 x
1318583714    798848219    0 0111 00101111100111010111010011011011 x
1318583714    3272164982    21 0111 11111111111111111111111000011000 x
1318583714    366562170    20 0111 00000000000000000000000101011101 x
1318583714    1772108712    0 0111 01101001101000000011101110101000 x
1318583714    1138647477    2 0111 00010000111101111001100001101101 x
1318583714    3562692744    30 0111 11111111111111111111111111111111 x
1318583714    1498096660    10 0111 00000000000101100101001011001001 x
1318583714    117748691    11 0111 00000000000000001110000010010110 x
1318583714    1753835162    3 0111 00001101000100010010110011010011 x
1318583714    2047614214    4 0111 00000111101000001100000111010000 x
1318583714    3380021477    3 0111 11111001001011101110000100011100 x
1318583714    2649630327    28 0111 11111111111111111111111111111001 x
1318583714    3554170    22 0111 00000000000000000000000000000000 x
1318583714    3367205767    13 0111 11111111111111100100010110011011 x
1318583714    2631407697    12 0111 11111111111110011100110110000001 x
1318583714    3799443885    26 0111 11111111111111111111111111111000 x
1318583714    3004567105    1 0111 11011001100010110000011100100000 x
1318583714    1891215069    16 0111 00000000000000000111000010111001 x
1318583714    394790175    14 0111 00000000000000000101111000100000 x
1318583714    3134477047    28 0111 11111111111111111111111111111011 x
1318583714    419707299    26 0111 00000000000000000000000000000110 x
1318583714    3299383011    12 0111 11111111111111000100101010001001 x
1318583714    1103486606    2 0111 00010000011100010111011110100011 x
1318583714    350722238    2 0111 00000101001110011110011000101111 x
1318583714    584306946    28 0111 00000000000000000000000000000010 x
1318583714    2305397765    23 0111 11111111111111111111111100010010 x
1318583714    2710818858    13 0111 11111111111111010000110010011110 x
1318583714    4228195796    3 0111 11111111100000001010010010111010 x
1318583714    1457831943    17 0111 00000000000000000010101101110010 x
1318583714    3969265296    23 0111 11111111111111111111111111011001 x
1318583714    146798357    0 0111 00001000101111111111011100010101 x
1318583714    2075670318    13 0111 00000000000000111101110111000001 x
1318583714    3043091779    12 0111 11111111111110110101011000011110 x
1318583714    1514400440    17 0111 00000000000000000010110100100001 x
1318583714    326658404    8 0111 00000000000100110111100001101001 x
1318583714    1830820676    23 0111 00000000000000000000000011011010 x
1318583714    2681171179    8 0111 11111111100111111100111101101100 x
1318583714    2808717056    25 0111 11111111111111111111111111010011 x
1318583714    2494961470    26 0111 11111111111111111111111111100101 x
1318583714    1683467850    23 0111 00000000000000000000000011001000 x
1318583714    1024842490    26 0111 00000000000000000000000000001111 x
4247337904    3903521986    26 1000 00000000000000000000000000000001 x
4247337904    4247337904    26 1000 00000000000000000000000000000001 x
2501109515    1328440595    26 1000 00000000000000000000000000000001 x
2501109515    2501109515    26 1000 00000000000000000000000000000001 x
1657430255    882527670    26 1000 00000000000000000000000000000001 x
1657430255    1657430255    26 1000 00000000000000000000000000000001 x
1371013589    4145623560    26 1000 00000000000000000000000000000001 x
1371013589    1371013589    26 1000 00000000000000000000000000000001 x
326248635    4256375769    26 1000 00000000000000000000000000000001 x
326248635    326248635    26 1000 00000000000000000000000000000001 x
2684692727    3172968141    26 1000 00000000000000000000000000000001 x
2684692727    2684692727    26 1000 00000000000000000000000000000001 x
2466967949    3832004726    26 1000 00000000000000000000000000000001 x
2466967949    2466967949    26 1000 00000000000000000000000000000001 x
2726058778    2859400979    26 1000 00000000000000000000000000000001 x
2726058778    2726058778    26 1000 00000000000000000000000000000001 x
3516345714    2582487487    26 1000 00000000000000000000000000000001 x
3516345714    3516345714    26 1000 00000000000000000000000000000001 x
129817962    773877285    26 1000 00000000000000000000000000000001 x
129817962    129817962    26 1000 00000000000000000000000000000001 x
4024120765    3240359328    26 1000 00000000000000000000000000000001 x
4024120765    4024120765    26 1000 00000000000000000000000000000001 x
127611698    267905082    26 1000 00000000000000000000000000000001 x
127611698    127611698    26 1000 00000000000000000000000000000001 x
2111558110    314893418    26 1000 00000000000000000000000000000001 x
2111558110    2111558110    26 1000 00000000000000000000000000000001 x
4221644737    902466549    26 1000 00000000000000000000000000000001 x
4221644737    4221644737    26 1000 00000000000000000000000000000001 x
2423073540    313552596    26 1000 00000000000000000000000000000001 x
2423073540    2423073540    26 1000 00000000000000000000000000000001 x
4250185751    268948277    26 1000 00000000000000000000000000000001 x
4250185751    4250185751    26 1000 00000000000000000000000000000001 x
2907080245    202806012    26 1000 00000000000000000000000000000001 x
2907080245    2907080245    26 1000 00000000000000000000000000000001 x
579391270    2840288252    26 1000 00000000000000000000000000000001 x
579391270    579391270    26 1000 00000000000000000000000000000001 x
3550551690    3319158614    26 1000 00000000000000000000000000000001 x
3550551690    3550551690    26 1000 00000000000000000000000000000001 x
984118391    3106280968    26 1000 00000000000000000000000000000001 x
984118391    984118391    26 1000 00000000000000000000000000000001 x
3134765672    2348437903    26 1000 00000000000000000000000000000001 x
3134765672    3134765672    26 1000 00000000000000000000000000000001 x
2377287776    536766263    26 1000 00000000000000000000000000000001 x
2377287776    2377287776    26 1000 00000000000000000000000000000001 x
2617394713    3184688741    26 1000 00000000000000000000000000000001 x
2617394713    2617394713    26 1000 00000000000000000000000000000001 x
3673342153    3176510136    26 1000 00000000000000000000000000000001 x
3673342153    3673342153    26 1000 00000000000000000000000000000001 x
1370019642    2620284319    26 1000 00000000000000000000000000000001 x
1370019642    1370019642    26 1000 00000000000000000000000000000001 x
617524620    1845747675    26 1000 00000000000000000000000000000001 x
617524620    617524620    26 1000 00000000000000000000000000000001 x
3370523705    3687191174    26 1000 00000000000000000000000000000001 x
3370523705    3370523705    26 1000 00000000000000000000000000000001 x
4100447145    2744327310    26 1000 00000000000000000000000000000001 x
4100447145    4100447145    26 1000 00000000000000000000000000000001 x
1211807382    4030051100    26 1000 00000000000000000000000000000001 x
1211807382    1211807382    26 1000 00000000000000000000000000000001 x
533299210    966389827    26 1000 00000000000000000000000000000001 x
533299210    533299210    26 1000 00000000000000000000000000000001 x
3625349597    4113028659    26 1000 00000000000000000000000000000001 x
3625349597    3625349597    26 1000 00000000000000000000000000000001 x
3459827542    4074453631    26 1000 00000000000000000000000000000001 x
3459827542    3459827542    26 1000 00000000000000000000000000000001 x
3277485186    1645392221    26 1000 00000000000000000000000000000001 x
3277485186    3277485186    26 1000 00000000000000000000000000000001 x
2161326807    2793055787    26 1000 00000000000000000000000000000001 x
2161326807    2161326807    26 1000 00000000000000000000000000000001 x
177241459    3932005921    26 1000 00000000000000000000000000000001 x
177241459    177241459    26 1000 00000000000000000000000000000001 x
683600515    1608876636    26 1000 00000000000000000000000000000001 x
683600515    683600515    26 1000 00000000000000000000000000000001 x
2834045857    2365488984    26 1000 00000000000000000000000000000001 x
2834045857    2834045857    26 1000 00000000000000000000000000000001 x
3100989967    1471913414    26 1000 00000000000000000000000000000001 x
3100989967    3100989967    26 1000 00000000000000000000000000000001 x
1272651744    621401188    26 1000 00000000000000000000000000000001 x
1272651744    1272651744    26 1000 00000000000000000000000000000001 x
3969394348    3963650899    26 1000 00000000000000000000000000000001 x
3969394348    3969394348    26 1000 00000000000000000000000000000001 x
4092315186    3124266757    26 1000 00000000000000000000000000000001 x
4092315186    4092315186    26 1000 00000000000000000000000000000001 x
2138735787    3118351169    26 1000 00000000000000000000000000000001 x
2138735787    2138735787    26 1000 00000000000000000000000000000001 x
2712020140    2715367359    26 1000 00000000000000000000000000000001 x
2712020140    2712020140    26 1000 00000000000000000000000000000001 x
2989848941    2683357477    26 1000 00000000000000000000000000000001 x
2989848941    2989848941    26 1000 00000000000000000000000000000001 x
1948214840    1925152083    26 1000 00000000000000000000000000000001 x
1948214840    1948214840    26 1000 00000000000000000000000000000001 x
3269507609    2120742378    26 1000 00000000000000000000000000000001 x
3269507609    3269507609    26 1000 00000000000000000000000000000001 x
3042624565    2277663782    26 1000 00000000000000000000000000000001 x
3042624565    3042624565    26 1000 00000000000000000000000000000001 x
1691112473    679323552    26 1000 00000000000000000000000000000001 x
1691112473    1691112473    26 1000 00000000000000000000000000000001 x
576048956    288340465    26 1000 00000000000000000000000000000001 x
576048956    576048956    26 1000 00000000000000000000000000000001 x
2936984113    628696981    26 1000 00000000000000000000000000000001 x
2936984113    2936984113    26 1000 00000000000000000000000000000001 x
1852342180    1852342180    26 1001 00000000000000000000000000000000 x
3405382132    3405382132    26 1001 00000000000000000000000000000000 x
2479153150    2479153150    26 1001 00000000000000000000000000000000 x
1103932628    1103932628    26 1001 00000000000000000000000000000000 x
4218463557    4218463557    26 1001 00000000000000000000000000000000 x
2141909748    2141909748    26 1001 00000000000000000000000000000000 x
3922763335    3922763335    26 1001 00000000000000000000000000000000 x
1072259033    1072259033    26 1001 00000000000000000000000000000000 x
718963477    718963477    26 1001 00000000000000000000000000000000 x
2208759794    2208759794    26 1001 00000000000000000000000000000000 x
3512818933    3512818933    26 1001 00000000000000000000000000000000 x
3911872045    3911872045    26 1001 00000000000000000000000000000000 x
3855281273    3855281273    26 1001 00000000000000000000000000000000 x
3170024183    3170024183    26 1001 00000000000000000000000000000000 x
3943752789    3943752789    26 1001 00000000000000000000000000000000 x
3879478601    3879478601    26 1001 00000000000000000000000000000000 x
2135569048    2135569048    26 1001 00000000000000000000000000000000 x
29593483    29593483    26 1001 00000000000000000000000000000000 x
336503475    336503475    26 1001 00000000000000000000000000000000 x
3716443895    3716443895    26 1001 00000000000000000000000000000000 x
2545027570    2545027570    26 1001 00000000000000000000000000000000 x
2362593423    2362593423    26 1001 00000000000000000000000000000000 x
3873703557    3873703557    26 1001 00000000000000000000000000000000 x
563998068    563998068    26 1001 00000000000000000000000000000000 x
1447602181    1447602181    26 1001 00000000000000000000000000000000 x
2178824936    2178824936    26 1001 00000000000000000000000000000000 x
2181496936    2181496936    26 1001 00000000000000000000000000000000 x
9801442    9801442    26 1001 00000000000000000000000000000000 x
3500314425    3500314425    26 1001 00000000000000000000000000000000 x
497444202    497444202    26 1001 00000000000000000000000000000000 x
1014746211    1014746211    26 1001 00000000000000000000000000000000 x
1460686500    1460686500    26 1001 00000000000000000000000000000000 x
3872184627    3872184627    26 1001 00000000000000000000000000000000 x
804091788    804091788    26 1001 00000000000000000000000000000000 x
3800450174    3800450174    26 1001 00000000000000000000000000000000 x
97065733    97065733    26 1001 00000000000000000000000000000000 x
2090267888    2090267888    26 1001 00000000000000000000000000000000 x
922002073    922002073    26 1001 00000000000000000000000000000000 x
2233636463    2233636463    26 1001 00000000000000000000000000000000 x
1299011123    1299011123    26 1001 00000000000000000000000000000000 x
3731549104    3731549104    26 1001 00000000000000000000000000000000 x
2627118790    2627118790    26 1001 00000000000000000000000000000000 x
2671554250    2671554250    26 1001 00000000000000000000000000000000 x
1043880392    1043880392    26 1001 00000000000000000000000000000000 x
1987170226    1987170226    26 1001 00000000000000000000000000000000 x
3055639173    3055639173    26 1001 00000000000000000000000000000000 x
1672717103    1672717103    26 1001 00000000000000000000000000000000 x
1289902720    1289902720    26 1001 00000000000000000000000000000000 x
770714007    770714007    26 1001 00000000000000000000000000000000 x
2861842393    2861842393    26 1001 00000000000000000000000000000000 x
33484447    33484447    26 1010 00000000000000000000000000000001 x
3378541804    3378541804    26 1010 00000000000000000000000000000001 x
3037584    3037584    26 1010 00000000000000000000000000000001 x
2915556816    2915556816    26 1010 00000000000000000000000000000000 x
653124969    653124969    26 1010 00000000000000000000000000000001 x
4253647035    4253647035    26 1010 00000000000000000000000000000000 x
4032560361    4032560361    26 1010 00000000000000000000000000000000 x
231642704    231642704    26 1010 00000000000000000000000000000001 x
1654531147    1654531147    26 1010 00000000000000000000000000000001 x
3102237734    3102237734    26 1010 00000000000000000000000000000000 x
1199124093    1199124093    26 1010 00000000000000000000000000000001 x
386227086    386227086    26 1010 00000000000000000000000000000001 x
789751673    789751673    26 1010 00000000000000000000000000000001 x
3397394401    3397394401    26 1010 00000000000000000000000000000001 x
2720480204    2720480204    26 1010 00000000000000000000000000000001 x
2141057363    2141057363    26 1010 00000000000000000000000000000000 x
781066560    781066560    26 1010 00000000000000000000000000000001 x
3836699613    3836699613    26 1010 00000000000000000000000000000001 x
4129944421    4129944421    26 1010 00000000000000000000000000000000 x
1142525183    1142525183    26 1010 00000000000000000000000000000001 x
625393689    625393689    26 1010 00000000000000000000000000000001 x
420347284    420347284    26 1010 00000000000000000000000000000001 x
1953881121    1953881121    26 1010 00000000000000000000000000000000 x
849401220    849401220    26 1010 00000000000000000000000000000001 x
2644656339    2644656339    26 1010 00000000000000000000000000000001 x
2900757570    2900757570    26 1010 00000000000000000000000000000001 x
3729448057    3729448057    26 1010 00000000000000000000000000000001 x
2543475711    2543475711    26 1010 00000000000000000000000000000000 x
606492124    606492124    26 1010 00000000000000000000000000000001 x
1757359362    1757359362    26 1010 00000000000000000000000000000000 x
1838646619    1838646619    26 1010 00000000000000000000000000000001 x
238528405    238528405    26 1010 00000000000000000000000000000001 x
1691055818    1691055818    26 1010 00000000000000000000000000000000 x
3669325773    3669325773    26 1010 00000000000000000000000000000000 x
3375569339    3375569339    26 1010 00000000000000000000000000000000 x
4294841072    4294841072    26 1010 00000000000000000000000000000000 x
216811027    216811027    26 1010 00000000000000000000000000000001 x
2237198473    2237198473    26 1010 00000000000000000000000000000001 x
488808936    488808936    26 1010 00000000000000000000000000000001 x
2526876594    2526876594    26 1010 00000000000000000000000000000000 x
3721239000    3721239000    26 1010 00000000000000000000000000000000 x
2366950871    2366950871    26 1010 00000000000000000000000000000000 x
1787426057    1787426057    26 1010 00000000000000000000000000000001 x
4234882599    4234882599    26 1010 00000000000000000000000000000000 x
4164566609    4164566609    26 1010 00000000000000000000000000000000 x
3550891991    3550891991    26 1010 00000000000000000000000000000000 x
2930287935    2930287935    26 1010 00000000000000000000000000000001 x
2764497848    2764497848    26 1010 00000000000000000000000000000001 x
1448708353    1448708353    26 1010 00000000000000000000000000000001 x
2410266925    2410266925    26 1010 00000000000000000000000000000001 x
636061497    636061497    26 1011 00000000000000000000000000000000 x
3760814180    3760814180    26 1011 00000000000000000000000000000001 x
2374158340    2374158340    26 1011 00000000000000000000000000000001 x
309800689    309800689    26 1011 00000000000000000000000000000000 x
3959335    3959335    26 1011 00000000000000000000000000000000 x
508744206    508744206    26 1011 00000000000000000000000000000001 x
2919220543    2919220543    26 1011 00000000000000000000000000000001 x
3197498393    3197498393    26 1011 00000000000000000000000000000001 x
681619094    681619094    26 1011 00000000000000000000000000000000 x
1278560591    1278560591    26 1011 00000000000000000000000000000000 x
1053912246    1053912246    26 1011 00000000000000000000000000000000 x
2852737231    2852737231    26 1011 00000000000000000000000000000000 x
2776414440    2776414440    26 1011 00000000000000000000000000000000 x
3249890795    3249890795    26 1011 00000000000000000000000000000001 x
210910796    210910796    26 1011 00000000000000000000000000000000 x
338211786    338211786    26 1011 00000000000000000000000000000000 x
3528178247    3528178247    26 1011 00000000000000000000000000000000 x
1933052364    1933052364    26 1011 00000000000000000000000000000000 x
355997651    355997651    26 1011 00000000000000000000000000000001 x
4094823262    4094823262    26 1011 00000000000000000000000000000001 x
94586735    94586735    26 1011 00000000000000000000000000000000 x
1837104610    1837104610    26 1011 00000000000000000000000000000000 x
2062347104    2062347104    26 1011 00000000000000000000000000000000 x
1404519307    1404519307    26 1011 00000000000000000000000000000001 x
2289421235    2289421235    26 1011 00000000000000000000000000000001 x
419211367    419211367    26 1011 00000000000000000000000000000000 x
331009454    331009454    26 1011 00000000000000000000000000000000 x
2398767598    2398767598    26 1011 00000000000000000000000000000000 x
669849152    669849152    26 1011 00000000000000000000000000000000 x
4043157693    4043157693    26 1011 00000000000000000000000000000001 x
2497384080    2497384080    26 1011 00000000000000000000000000000000 x
2300752603    2300752603    26 1011 00000000000000000000000000000000 x
1113956761    1113956761    26 1011 00000000000000000000000000000000 x
4122207726    4122207726    26 1011 00000000000000000000000000000001 x
114203738    114203738    26 1011 00000000000000000000000000000000 x
1447086926    1447086926    26 1011 00000000000000000000000000000000 x
1334455684    1334455684    26 1011 00000000000000000000000000000001 x
3632393203    3632393203    26 1011 00000000000000000000000000000001 x
2829879909    2829879909    26 1011 00000000000000000000000000000001 x
485700186    485700186    26 1011 00000000000000000000000000000000 x
2714019241    2714019241    26 1011 00000000000000000000000000000001 x
349707140    349707140    26 1011 00000000000000000000000000000000 x
3926615065    3926615065    26 1011 00000000000000000000000000000000 x
1428878874    1428878874    26 1011 00000000000000000000000000000001 x
1971963989    1971963989    26 1011 00000000000000000000000000000001 x
1628748367    1628748367    26 1011 00000000000000000000000000000000 x
3074325475    3074325475    26 1011 00000000000000000000000000000001 x
3878046415    3878046415    26 1011 00000000000000000000000000000000 x
3324682736    3324682736    26 1011 00000000000000000000000000000000 x
1970859085    1970859085    26 1011 00000000000000000000000000000001 x
