A[32]          B[32]         C
-1230750782    1233455799    1
-1230750782    -1230750782    0
331640396    -1054458888    0
331640396    331640396    0
1365542243    364117388    0
1365542243    1365542243    0
-743274838    -2135475228    0
-743274838    -743274838    0
550192888    -1499916524    0
550192888    550192888    0
504651918    298703157    0
504651918    504651918    0
-993762474    -1194190656    0
-993762474    -993762474    0
-2000536475    -35173670    1
-2000536475    -2000536475    0
1802421904    -1535505326    0
1802421904    1802421904    0
-508082977    -381890554    1
-508082977    -508082977    0
-1700132883    -1444487361    1
-1700132883    -1700132883    0
1379080628    1310380843    0
1379080628    1379080628    0
1779790855    -1315132344    0
1779790855    1779790855    0
-984732119    1533956024    1
-984732119    -984732119    0
-1459351862    -1888638160    0
-1459351862    -1459351862    0
983099987    -1540072743    0
983099987    983099987    0
-1968096615    -512852781    1
-1968096615    -1968096615    0
1816275618    1014283082    0
1816275618    1816275618    0
963381373    -853807927    0
963381373    963381373    0
2077617540    -1172946845    0
2077617540    2077617540    0
694959715    -313286831    0
694959715    694959715    0
307430228    -1212570677    0
307430228    307430228    0
173343493    67705799    0
173343493    173343493    0
-2055663232    561164430    1
-2055663232    -2055663232    0
-929122075    329602822    1
-929122075    -929122075    0
-190386687    2141664545    1
-190386687    -190386687    0
569807845    -1757081068    0
569807845    569807845    0
-948996516    2076712268    1
-948996516    -948996516    0
792520286    -2106145008    0
792520286    792520286    0
1701059093    -1486999578    0
1701059093    1701059093    0
1463783791    1365594114    0
1463783791    1463783791    0
720051024    -550695403    0
720051024    720051024    0
-1287829052    -798537212    1
-1287829052    -1287829052    0
-1501301711    -964605879    1
-1501301711    -1501301711    0
1952671277    -1451578206    0
1952671277    1952671277    0
-860650316    839716558    1
-860650316    -860650316    0
15550524    1471693583    1
15550524    15550524    0
-535692976    1742814773    1
-535692976    -535692976    0
-1787407226    91155023    1
-1787407226    -1787407226    0
-1580086243    1088901337    1
-1580086243    -1580086243    0
1840897885    -622562817    0
1840897885    1840897885    0
1978677497    381622725    0
1978677497    1978677497    0
-1309513162    1596379274    1
-1309513162    -1309513162    0
-2087676579    1754198785    1
-2087676579    -2087676579    0
-1635039389    1084801167    1
-1635039389    -1635039389    0
2020078811    249034186    0
2020078811    2020078811    0
-1808266254    1773671751    1
-1808266254    -1808266254    0
-1113286149    1110496746    1
-1113286149    -1113286149    0
1763163146    -1751979564    0
1763163146    1763163146    0
607590012    -1742270990    0
607590012    607590012    0
1551783408    1807256211    1
1551783408    1551783408    0
-1895123550    -248311885    1
-1895123550    -1895123550    0
1594739002    1045986512    0
1594739002    1594739002    0
-992664091    -742959387    1
-992664091    -992664091    0
1478556194    1793975456    1
1478556194    1478556194    0
-1385951682    2083173644    1
-1385951682    -1385951682    0
187813318    1197809131    1
187813318    187813318    0
623655020    -881567595    0
623655020    623655020    0
-2002081488    -2045749885    0
-2002081488    -2002081488    0
-773593491    1495512974    1
-773593491    -773593491    0
1319808714    747871388    0
1319808714    1319808714    0
-197623593    -302350840    0
-197623593    -197623593    0
-249633428    -834527494    0
-249633428    -249633428    0
1851921786    1875434946    1
1851921786    1851921786    0
-1988374129    1644680549    1
-1988374129    -1988374129    0
-1435140956    -209442448    1
-1435140956    -1435140956    0
1828114307    363837530    0
1828114307    1828114307    0
-134471359    180665072    1
-134471359    -134471359    0
2101638045    267421672    0
2101638045    2101638045    0
58544459    -1666309345    0
58544459    58544459    0
2068700598    1143648738    0
2068700598    2068700598    0
406928540    -446402747    0
406928540    406928540    0
-1502338761    1834384218    1
-1502338761    -1502338761    0
1766344098    332051118    0
1766344098    1766344098    0
-1769997762    729185799    1
-1769997762    -1769997762    0
-194917414    -125425934    1
-194917414    -194917414    0
-1819885539    1670841397    1
-1819885539    -1819885539    0
-543495176    1133168765    1
-543495176    -543495176    0
1502551598    -2086965762    0
1502551598    1502551598    0
1507703419    -1636925247    0
1507703419    1507703419    0
-806887870    -1817927006    0
-806887870    -806887870    0
1600635162    793431121    0
1600635162    1600635162    0
-486969845    -1977318593    0
-486969845    -486969845    0
468177409    -583603846    0
468177409    468177409    0
-907200469    1292202389    1
-907200469    -907200469    0
-1692567294    -1738483999    0
-1692567294    -1692567294    0
552959039    -357964746    0
552959039    552959039    0
1556273420    922436405    0
1556273420    1556273420    0
-91994592    1065028286    1
-91994592    -91994592    0
-747251699    -322775017    1
-747251699    -747251699    0
1901021905    1949503655    1
1901021905    1901021905    0
177047384    1788603885    1
177047384    177047384    0
-2146773678    408006430    1
-2146773678    -2146773678    0
152957485    -1729090106    0
152957485    152957485    0
949923575    627666437    0
949923575    949923575    0
-1417472576    -2018249264    0
-1417472576    -1417472576    0
-224236804    -869450899    0
-224236804    -224236804    0
-251333525    -1509948770    0
-251333525    -251333525    0
1736731301    -135706528    0
1736731301    1736731301    0
-782114742    -516775918    1
-782114742    -782114742    0
-1075535387    -296577450    1
-1075535387    -1075535387    0
-512497522    49275512    1
-512497522    -512497522    0
1382267705    1889482621    1
1382267705    1382267705    0
590443491    -2066121624    0
590443491    590443491    0
-646926522    717984470    1
-646926522    -646926522    0
-391755980    474590791    1
-391755980    -391755980    0
790145705    -127105195    0
790145705    790145705    0
2129026570    467590300    0
2129026570    2129026570    0
1956478858    -1025343380    0
1956478858    1956478858    0
319991618    -1544919406    0
319991618    319991618    0
-847123177    -1930429216    0
-847123177    -847123177    0
-998808619    -2060730331    0
-998808619    -998808619    0
1839613904    1537105458    0
1839613904    1839613904    0
-1359882392    1778695975    1
-1359882392    -1359882392    0
740087988    1707990036    1
740087988    740087988    0
359625239    319414983    0
359625239    359625239    0
-502127157    -1213707233    0
-502127157    -502127157    0
773554469    419508998    0
773554469    773554469    0
2079588328    -1564658025    0
2079588328    2079588328    0
1118747    -2125000756    0
1118747    1118747    0
-1995767144    -1626216781    1
-1995767144    -1995767144    0
779222654    1643457110    1
779222654    779222654    0
-1385726961    1124658136    1
-1385726961    -1385726961    0
551610164    -1766077788    0
551610164    551610164    0
792253342    759290091    0
792253342    792253342    0
2030227513    -289796682    0
2030227513    2030227513    0
893164182    -1349009967    0
893164182    893164182    0
-446660246    -150297959    1
-446660246    -446660246    0
-2121942864    -202017735    1
-2121942864    -2121942864    0
1807067902    1784657311    0
1807067902    1807067902    0
-327080965    1074019968    1
-327080965    -327080965    0
-1706924511    854467018    1
-1706924511    -1706924511    0
-1555673064    1029305102    1
-1555673064    -1555673064    0
1145328095    1483300809    1
1145328095    1145328095    0
761586308    -415238580    0
761586308    761586308    0
-1434281793    -1167168233    1
-1434281793    -1434281793    0
-80976061    912899998    1
-80976061    -80976061    0
-242951442    982177629    1
-242951442    -242951442    0
-1454975901    -1981085395    0
-1454975901    -1454975901    0
-2142145273    501795686    1
-2142145273    -2142145273    0
-593345766    1917401063    1
-593345766    -593345766    0
-1573131858    -1725005820    0
-1573131858    -1573131858    0
-1853706410    1063700642    1
-1853706410    -1853706410    0
281675438    2053500707    1
281675438    281675438    0
576479651    867518438    1
576479651    576479651    0
411730723    1963655428    1
411730723    411730723    0
1998196544    973407834    0
1998196544    1998196544    0
965230397    -1228043800    0
965230397    965230397    0
700637252    2041045115    1
700637252    700637252    0
-700452791    672184584    1
-700452791    -700452791    0
-397168205    604287374    1
-397168205    -397168205    0
85374299    66931085    0
85374299    85374299    0
-875793349    -964584626    0
-875793349    -875793349    0
-153944790    -505295475    0
-153944790    -153944790    0
-1568131319    1401888725    1
-1568131319    -1568131319    0
-524594019    1732693857    1
-524594019    -524594019    0
-396963371    -319790900    1
-396963371    -396963371    0
-2010117258    163383201    1
-2010117258    -2010117258    0
-686934936    -694409962    0
-686934936    -686934936    0
-1067326248    -1571181277    0
-1067326248    -1067326248    0
364402127    -1433080532    0
364402127    364402127    0
1091108232    1550419422    1
1091108232    1091108232    0
1772734865    -2009814865    0
1772734865    1772734865    0
72443977    -673318567    0
72443977    72443977    0
1705803574    891993528    0
1705803574    1705803574    0
-2057682854    480374577    1
-2057682854    -2057682854    0
-268924589    1021389262    1
-268924589    -268924589    0
-354044020    -1960830615    0
-354044020    -354044020    0
-1946718499    1318795392    1
-1946718499    -1946718499    0
796745709    1219812741    1
796745709    796745709    0
2109783642    -907278521    0
2109783642    2109783642    0
1172615795    -1671550317    0
1172615795    1172615795    0
-192659329    -158588514    1
-192659329    -192659329    0
-325028226    -1266028830    0
-325028226    -325028226    0
2026100026    -1394018902    0
2026100026    2026100026    0
453365913    -2025066104    0
453365913    453365913    0
-723783980    -1075621677    0
-723783980    -723783980    0
-32710242    287142791    1
-32710242    -32710242    0
212124758    -157389525    0
212124758    212124758    0
1871619723    1280928173    0
1871619723    1871619723    0
120043624    -205192443    0
120043624    120043624    0
-432771759    1628310936    1
-432771759    -432771759    0
-1489793791    -1434242774    1
-1489793791    -1489793791    0
-1339934025    -485631347    1
-1339934025    -1339934025    0
-303691976    -1138209560    0
-303691976    -303691976    0
876302911    -85688749    0
876302911    876302911    0
-1595367873    2143961259    1
-1595367873    -1595367873    0
-1444419451    -356453455    1
-1444419451    -1444419451    0
-229896940    198400867    1
-229896940    -229896940    0
1594618414    -188345820    0
1594618414    1594618414    0
1235843969    -988616121    0
1235843969    1235843969    0
-1427931048    -1818384900    0
-1427931048    -1427931048    0
-1245035670    -1208691417    1
-1245035670    -1245035670    0
1222334986    -426024280    0
1222334986    1222334986    0
-773390693    1174309929    1
-773390693    -773390693    0
-1955055136    318772498    1
-1955055136    -1955055136    0
-737077822    -466860097    1
-737077822    -737077822    0
612212192    -1336891161    0
612212192    612212192    0
-723393848    860036891    1
-723393848    -723393848    0
-1368823408    -859262718    1
-1368823408    -1368823408    0
1161171130    -334540353    0
1161171130    1161171130    0
722209615    -1010999882    0
722209615    722209615    0
-366550062    -603850384    0
-366550062    -366550062    0
-141802622    641813880    1
-141802622    -141802622    0
-899073052    -347227420    1
-899073052    -899073052    0
-889699122    630712298    1
-889699122    -889699122    0
1943630891    -1380543910    0
1943630891    1943630891    0
-1864544437    -1673820195    1
-1864544437    -1864544437    0
1482118481    -34051462    0
1482118481    1482118481    0
-1778640808    -1931637986    0
-1778640808    -1778640808    0
-536708843    -1580698858    0
-536708843    -536708843    0
1908113893    -941715973    0
1908113893    1908113893    0
478554996    -1581466852    0
478554996    478554996    0
1755986535    -1021979189    0
1755986535    1755986535    0
95213692    -1936201434    0
95213692    95213692    0
-5189456    1980784345    1
-5189456    -5189456    0
-1825809346    737348898    1
-1825809346    -1825809346    0
-336187545    -1927937344    0
-336187545    -336187545    0
558758407    -675820172    0
558758407    558758407    0
637746662    155123271    0
637746662    637746662    0
-714211376    1384948191    1
-714211376    -714211376    0
1827824321    649587645    0
1827824321    1827824321    0
1948758510    -288219084    0
1948758510    1948758510    0
960995075    -1310312066    0
960995075    960995075    0
736154253    276438158    0
736154253    736154253    0
309062409    1721329353    1
309062409    309062409    0
643272985    1953849550    1
643272985    643272985    0
1971448393    -2123515621    0
1971448393    1971448393    0
2141320437    -1058089151    0
2141320437    2141320437    0
1715734803    -282096636    0
1715734803    1715734803    0
-457465984    -1968077749    0
-457465984    -457465984    0
-451695145    103316635    1
-451695145    -451695145    0
1719213291    327785363    0
1719213291    1719213291    0
-1126991619    -74961419    1
-1126991619    -1126991619    0
1618029917    -412808079    0
1618029917    1618029917    0
-1561506304    143540047    1
-1561506304    -1561506304    0
-1745379177    -1337584128    1
-1745379177    -1745379177    0
-3284245    34369670    1
-3284245    -3284245    0
-383440454    -2140673569    0
-383440454    -383440454    0
550304059    -1487786184    0
550304059    550304059    0
2061043622    2039668327    0
2061043622    2061043622    0
476010586    1780666779    1
476010586    476010586    0
874290087    -1401048985    0
874290087    874290087    0
1609083992    -1347200283    0
1609083992    1609083992    0
2024067472    -886252192    0
2024067472    2024067472    0
-571025820    -820672993    0
-571025820    -571025820    0
-1351338383    -1195573297    1
-1351338383    -1351338383    0
30908142    1373669602    1
30908142    30908142    0
-232253771    -668403843    0
-232253771    -232253771    0
-605672268    1010986817    1
-605672268    -605672268    0
1210683291    -361521988    0
1210683291    1210683291    0
165245531    -179783229    0
165245531    165245531    0
84303374    -1616640551    0
84303374    84303374    0
1795463021    -539350643    0
1795463021    1795463021    0
445369432    -1919301183    0
445369432    445369432    0
1743889831    -1336135350    0
1743889831    1743889831    0
-1190083003    -651900724    1
-1190083003    -1190083003    0
-758894911    330584499    1
-758894911    -758894911    0
1948711042    -366475074    0
1948711042    1948711042    0
829376280    -1804696101    0
829376280    829376280    0
-79459621    165415854    1
-79459621    -79459621    0
851095652    -845814447    0
851095652    851095652    0
1315928779    -251040607    0
1315928779    1315928779    0
-1161794125    537450578    1
-1161794125    -1161794125    0
-278522154    1547133756    1
-278522154    -278522154    0
-861118454    1738447564    1
-861118454    -861118454    0
-676228088    651752674    1
-676228088    -676228088    0
2031384811    -692042495    0
2031384811    2031384811    0
-1581500235    -878995558    1
-1581500235    -1581500235    0
98924203    -1666786886    0
98924203    98924203    0
270395749    -997118973    0
270395749    270395749    0
-1105354958    -1577636606    0
-1105354958    -1105354958    0
102847479    315680212    1
102847479    102847479    0
1324647174    369302081    0
1324647174    1324647174    0
342446853    -1062800611    0
342446853    342446853    0
622704782    898048392    1
622704782    622704782    0
1114065542    17619264    0
1114065542    1114065542    0
1527806910    -1360630516    0
1527806910    1527806910    0
79844158    54120119    0
79844158    79844158    0
525898189    247262959    0
525898189    525898189    0
1423597268    -820308233    0
1423597268    1423597268    0
-1437364004    -230853264    1
-1437364004    -1437364004    0
-1300291929    -2047149897    0
-1300291929    -1300291929    0
634432893    549883628    0
634432893    634432893    0
615042530    -873683658    0
615042530    615042530    0
2106262424    -990023433    0
2106262424    2106262424    0
-607446749    855763270    1
-607446749    -607446749    0
1958417570    1564751578    0
1958417570    1958417570    0
644570573    -591090379    0
644570573    644570573    0
1265337857    1625964474    1
1265337857    1265337857    0
915180251    1800601481    1
915180251    915180251    0
277023304    -496361274    0
277023304    277023304    0
1349774183    807722013    0
1349774183    1349774183    0
-1581806842    -1605295091    0
-1581806842    -1581806842    0
-808810761    -737728265    1
-808810761    -808810761    0
729202504    -1665312796    0
729202504    729202504    0
1629337012    -1245214014    0
1629337012    1629337012    0
-1469092601    202646071    1
-1469092601    -1469092601    0
1455129301    1584533113    1
1455129301    1455129301    0
979498635    -466769790    0
979498635    979498635    0
65896782    -171258861    0
65896782    65896782    0
296703217    1590305495    1
296703217    296703217    0
-602568888    513818764    1
-602568888    -602568888    0
-1349587808    560345333    1
-1349587808    -1349587808    0
1279758895    1032961776    0
1279758895    1279758895    0
1395025917    566741527    0
1395025917    1395025917    0
-730617320    503972825    1
-730617320    -730617320    0
959419569    -404161168    0
959419569    959419569    0
964959633    854385796    0
964959633    964959633    0
-1087155563    -1412919680    0
-1087155563    -1087155563    0
-1886974045    1346725597    1
-1886974045    -1886974045    0
1259069036    1305053202    1
1259069036    1259069036    0
-1191253735    -1631324358    0
-1191253735    -1191253735    0
997167426    2112514616    1
997167426    997167426    0
2080527836    1195188623    0
2080527836    2080527836    0
1291989498    1996735702    1
1291989498    1291989498    0
-1314625502    111161097    1
-1314625502    -1314625502    0
632087964    -2042957948    0
632087964    632087964    0
-398874147    -833577172    0
-398874147    -398874147    0
1066430407    -300287475    0
1066430407    1066430407    0
-2116497804    -767260207    1
-2116497804    -2116497804    0
1418747799    606488199    0
1418747799    1418747799    0
1327903393    1212394459    0
1327903393    1327903393    0
-1518061475    -787137487    1
-1518061475    -1518061475    0
-799798811    -1543949001    0
-799798811    -799798811    0
-1458794017    975102662    1
-1458794017    -1458794017    0
-701213386    1934498783    1
-701213386    -701213386    0
1798733131    259227839    0
1798733131    1798733131    0
-897403435    903242823    1
-897403435    -897403435    0
-2029566027    -809071052    1
-2029566027    -2029566027    0
-136280125    -811447719    0
-136280125    -136280125    0
930575216    34928119    0
930575216    930575216    0
-1286801799    720452276    1
-1286801799    -1286801799    0
-477006700    1071513741    1
-477006700    -477006700    0
1679848844    1312650372    0
1679848844    1679848844    0
1193378462    -302372886    0
1193378462    1193378462    0
2036029060    -1365666948    0
2036029060    2036029060    0
-679698330    -265959004    1
-679698330    -679698330    0
1042335147    -1445801594    0
1042335147    1042335147    0
1566515917    471081590    0
1566515917    1566515917    0
755322914    905359520    1
755322914    755322914    0
-572476964    -809163097    0
-572476964    -572476964    0
-1200224116    -1817039293    0
-1200224116    -1200224116    0
1096071994    562671874    0
1096071994    1096071994    0
-1979736932    338538483    1
-1979736932    -1979736932    0
-2054693302    -1559960904    1
-2054693302    -2054693302    0
801226024    -1879587419    0
801226024    801226024    0
-1390822050    2032251678    1
-1390822050    -1390822050    0
-325364980    493492919    1
-325364980    -325364980    0
-1911140200    1704381043    1
-1911140200    -1911140200    0
-425073090    -1132979727    0
-425073090    -425073090    0
656488994    1331033779    1
656488994    656488994    0
1538802882    1042523433    0
1538802882    1538802882    0
1438287733    149275289    0
1438287733    1438287733    0
896213713    956119478    1
896213713    896213713    0
1066874907    -182882643    0
1066874907    1066874907    0
-808041507    -1879939262    0
-808041507    -808041507    0
-413073558    912137045    1
-413073558    -413073558    0
-217251501    -2139953152    0
-217251501    -217251501    0
-1202177973    -1562470504    0
-1202177973    -1202177973    0
-464829047    -630014156    0
-464829047    -464829047    0
-787896662    1652977913    1
-787896662    -787896662    0
566814474    383745774    0
566814474    566814474    0
91122257    122856169    1
91122257    91122257    0
-2076271282    -1260085840    1
-2076271282    -2076271282    0
212949179    61617246    0
212949179    212949179    0
-691966333    -1118439359    0
-691966333    -691966333    0
286456708    555151110    1
286456708    286456708    0
190524671    511387464    1
190524671    190524671    0
216585529    1881887088    1
216585529    216585529    0
1092318548    -1794403112    0
1092318548    1092318548    0
-332428031    -914446855    0
-332428031    -332428031    0
1697041208    -1487910934    0
1697041208    1697041208    0
-2064049274    1172838928    1
-2064049274    -2064049274    0
-1484719683    923481881    1
-1484719683    -1484719683    0
1064018508    360386225    0
1064018508    1064018508    0
-70696667    627409337    1
-70696667    -70696667    0
-1373062630    -1940019338    0
-1373062630    -1373062630    0
-1219777840    -122475388    1
-1219777840    -1219777840    0
687929013    207153454    0
687929013    687929013    0
-1323665987    1359625170    1
-1323665987    -1323665987    0
1701323253    1984392809    1
1701323253    1701323253    0
1505713311    -1014857309    0
1505713311    1505713311    0
-920909385    -993279989    0
-920909385    -920909385    0
352422224    336753593    0
352422224    352422224    0
703246951    521185004    0
703246951    703246951    0
1143548101    1658372019    1
1143548101    1143548101    0
-1429850160    -1560029026    0
-1429850160    -1429850160    0
-1203343478    -1852673709    0
-1203343478    -1203343478    0
693502296    -1696712182    0
693502296    693502296    0
1130812325    1663733603    1
1130812325    1130812325    0
2118758028    -1200072441    0
2118758028    2118758028    0
-1175583716    1179170477    1
-1175583716    -1175583716    0
994053664    519899434    0
994053664    994053664    0
-521470144    -933530514    0
-521470144    -521470144    0
-763936545    434830803    1
-763936545    -763936545    0
-1531613712    1034284104    1
-1531613712    -1531613712    0
-851980497    -850465749    1
-851980497    -851980497    0
433649373    -112633943    0
433649373    433649373    0
-547982266    109082330    1
-547982266    -547982266    0
2030101995    -1404992057    0
2030101995    2030101995    0
2050659873    -464509785    0
2050659873    2050659873    0
-454613045    -1887122901    0
-454613045    -454613045    0
1768690642    167568925    0
1768690642    1768690642    0
117917395    -79866902    0
117917395    117917395    0
-426970138    1896497445    1
-426970138    -426970138    0
979769663    1904864700    1
979769663    979769663    0
-1123628274    -52618947    1
-1123628274    -1123628274    0
1206290216    -104071846    0
1206290216    1206290216    0
-1883809    1111571707    1
-1883809    -1883809    0
392149137    -520840492    0
392149137    392149137    0
-1019354102    -1863810546    0
-1019354102    -1019354102    0
-2080701556    -833231879    1
-2080701556    -2080701556    0
608661758    1758951120    1
608661758    608661758    0
-1241625944    -707395706    1
-1241625944    -1241625944    0
-1345467321    521328197    1
-1345467321    -1345467321    0
-1035398097    1952651259    1
-1035398097    -1035398097    0
-1261765796    -1684731364    0
-1261765796    -1261765796    0
1783240588    1225679837    0
1783240588    1783240588    0
-1449882038    1452081400    1
-1449882038    -1449882038    0
1345823031    -686076725    0
1345823031    1345823031    0
-936549747    1308950235    1
-936549747    -936549747    0
447798991    1276130026    1
447798991    447798991    0
-1877252753    -1276671523    1
-1877252753    -1877252753    0
-1657271123    1486780865    1
-1657271123    -1657271123    0
-1143485419    -1656185417    0
-1143485419    -1143485419    0
1615855463    1662552425    1
1615855463    1615855463    0
1841405617    219187319    0
1841405617    1841405617    0
2081584026    -644536898    0
2081584026    2081584026    0
-1636486077    1856315663    1
-1636486077    -1636486077    0
51818076    1545543729    1
51818076    51818076    0
1966625409    2101068562    1
1966625409    1966625409    0
-175358518    -768575475    0
-175358518    -175358518    0
-136761459    -768680020    0
-136761459    -136761459    0
427612851    -1636412805    0
427612851    427612851    0
867002712    -219470874    0
867002712    867002712    0
-2023539394    -836467745    1
-2023539394    -2023539394    0
-1020990874    -699924891    1
-1020990874    -1020990874    0
737655207    -673175821    0
737655207    737655207    0
-1713032814    983810355    1
-1713032814    -1713032814    0
-1712921928    -149903744    1
-1712921928    -1712921928    0
-2127112777    -676368075    1
-2127112777    -2127112777    0
1275460252    -1605446329    0
1275460252    1275460252    0
1348625682    -468034904    0
1348625682    1348625682    0
-1066618323    -2100093213    0
-1066618323    -1066618323    0
-514239136    133299789    1
-514239136    -514239136    0
584715736    -746008423    0
584715736    584715736    0
-2135231328    -1132312169    1
-2135231328    -2135231328    0
-2068714233    -397930864    1
-2068714233    -2068714233    0
1075658086    -1319811262    0
1075658086    1075658086    0
1542863520    391921818    0
1542863520    1542863520    0
-2147026714    -1741757709    1
-2147026714    -2147026714    0
-212790876    1758183868    1
-212790876    -212790876    0
1431291899    115058551    0
1431291899    1431291899    0
397335296    -1821039017    0
397335296    397335296    0
-710554474    -1956295479    0
-710554474    -710554474    0
103439949    -149012497    0
103439949    103439949    0
-941881296    -994552308    0
-941881296    -941881296    0
2002402829    1852357160    0
2002402829    2002402829    0
-1675099948    1746519190    1
-1675099948    -1675099948    0
-1431999205    -698154469    1
-1431999205    -1431999205    0
-833098686    182865353    1
-833098686    -833098686    0
382186224    -594091474    0
382186224    382186224    0
1911636092    -2073624838    0
1911636092    1911636092    0
1517999492    1645643267    1
1517999492    1517999492    0
-1199034202    -2072827255    0
-1199034202    -1199034202    0
1410916353    -1235193936    0
1410916353    1410916353    0
1613686529    921869926    0
1613686529    1613686529    0
-7726273    1415657438    1
-7726273    -7726273    0
948014684    414509827    0
948014684    948014684    0
-1164807353    -1661267416    0
-1164807353    -1164807353    0
-652375307    1408164412    1
-652375307    -652375307    0
-1253783999    -2067358524    0
-1253783999    -1253783999    0
-1602897787    409948681    1
-1602897787    -1602897787    0
-2029102841    1414185460    1
-2029102841    -2029102841    0
1786676805    1212560421    0
1786676805    1786676805    0
1570233464    1145191993    0
1570233464    1570233464    0
-1585864035    -964100336    1
-1585864035    -1585864035    0
-289091256    -1346054093    0
-289091256    -289091256    0
-1128609876    1270614018    1
-1128609876    -1128609876    0
681313808    -1331605817    0
681313808    681313808    0
204129387    326976781    1
204129387    204129387    0
1058842092    1083964686    1
1058842092    1058842092    0
1593335570    -2113173835    0
1593335570    1593335570    0
-967654490    923466084    1
-967654490    -967654490    0
1036493589    -944324202    0
1036493589    1036493589    0
-1293490091    1402278081    1
-1293490091    -1293490091    0
-669253284    -625652626    1
-669253284    -669253284    0
1869062551    -881182787    0
1869062551    1869062551    0
1274006976    -868010985    0
1274006976    1274006976    0
-2092994824    -1610529732    1
-2092994824    -2092994824    0
1509131676    2050680619    1
1509131676    1509131676    0
-1531796321    2048065127    1
-1531796321    -1531796321    0
-1387849742    956080792    1
-1387849742    -1387849742    0
1920384752    87094371    0
1920384752    1920384752    0
518292694    438604720    0
518292694    518292694    0
-780855602    763803711    1
-780855602    -780855602    0
-832513389    -1783050788    0
-832513389    -832513389    0
106967584    128303426    1
106967584    106967584    0
670293764    740650596    1
670293764    670293764    0
